2021/07/15-11:32:42.746058 7fc93bcfc640 RocksDB version: 5.17.2
2021/07/15-11:32:42.746104 7fc93bcfc640 Git sha rocksdb_build_git_sha:e598f8d6f32c444ce0e31460f3105c7c3e9cb6f5
2021/07/15-11:32:42.746107 7fc93bcfc640 Compile date Nov 22 2019
2021/07/15-11:32:42.746115 7fc93bcfc640 DB SUMMARY
2021/07/15-11:32:42.746143 7fc93bcfc640 SST files in /home/skalogerakis/Projects/FlinkCheckpoint/checkpoint/rocksCheck/job_71589ad3d336969c09c5ab6f755a02da_op_KeyedProcessOperator_c27dcf7b54ef6bfd6cff02ca8870b681__1_1__uuid_673e00e5-a12e-4159-9d04-ed1c6a2b9c2c/db dir, Total Num: 0, files: 
2021/07/15-11:32:42.746147 7fc93bcfc640 Write Ahead Log file in /home/skalogerakis/Projects/FlinkCheckpoint/checkpoint/rocksCheck/job_71589ad3d336969c09c5ab6f755a02da_op_KeyedProcessOperator_c27dcf7b54ef6bfd6cff02ca8870b681__1_1__uuid_673e00e5-a12e-4159-9d04-ed1c6a2b9c2c/db: 
2021/07/15-11:32:42.746150 7fc93bcfc640                         Options.error_if_exists: 0
2021/07/15-11:32:42.746152 7fc93bcfc640                       Options.create_if_missing: 1
2021/07/15-11:32:42.746153 7fc93bcfc640                         Options.paranoid_checks: 1
2021/07/15-11:32:42.746154 7fc93bcfc640                                     Options.env: 0x7fc93b6f32e0
2021/07/15-11:32:42.746156 7fc93bcfc640                                Options.info_log: 0x7fc9b86ca870
2021/07/15-11:32:42.746299 7fc93bcfc640                Options.max_file_opening_threads: 16
2021/07/15-11:32:42.746300 7fc93bcfc640                              Options.statistics: (nil)
2021/07/15-11:32:42.746302 7fc93bcfc640                               Options.use_fsync: 0
2021/07/15-11:32:42.746303 7fc93bcfc640                       Options.max_log_file_size: 0
2021/07/15-11:32:42.746305 7fc93bcfc640                  Options.max_manifest_file_size: 1073741824
2021/07/15-11:32:42.746306 7fc93bcfc640                   Options.log_file_time_to_roll: 0
2021/07/15-11:32:42.746307 7fc93bcfc640                       Options.keep_log_file_num: 1000
2021/07/15-11:32:42.746309 7fc93bcfc640                    Options.recycle_log_file_num: 0
2021/07/15-11:32:42.746310 7fc93bcfc640                         Options.allow_fallocate: 1
2021/07/15-11:32:42.746311 7fc93bcfc640                        Options.allow_mmap_reads: 0
2021/07/15-11:32:42.746312 7fc93bcfc640                       Options.allow_mmap_writes: 0
2021/07/15-11:32:42.746314 7fc93bcfc640                        Options.use_direct_reads: 0
2021/07/15-11:32:42.746315 7fc93bcfc640                        Options.use_direct_io_for_flush_and_compaction: 0
2021/07/15-11:32:42.746317 7fc93bcfc640          Options.create_missing_column_families: 0
2021/07/15-11:32:42.746318 7fc93bcfc640                              Options.db_log_dir: 
2021/07/15-11:32:42.746320 7fc93bcfc640                                 Options.wal_dir: /home/skalogerakis/Projects/FlinkCheckpoint/checkpoint/rocksCheck/job_71589ad3d336969c09c5ab6f755a02da_op_KeyedProcessOperator_c27dcf7b54ef6bfd6cff02ca8870b681__1_1__uuid_673e00e5-a12e-4159-9d04-ed1c6a2b9c2c/db
2021/07/15-11:32:42.746321 7fc93bcfc640                Options.table_cache_numshardbits: 6
2021/07/15-11:32:42.746322 7fc93bcfc640                      Options.max_subcompactions: 1
2021/07/15-11:32:42.746324 7fc93bcfc640                  Options.max_background_flushes: -1
2021/07/15-11:32:42.746325 7fc93bcfc640                         Options.WAL_ttl_seconds: 0
2021/07/15-11:32:42.746327 7fc93bcfc640                       Options.WAL_size_limit_MB: 0
2021/07/15-11:32:42.746328 7fc93bcfc640             Options.manifest_preallocation_size: 4194304
2021/07/15-11:32:42.746330 7fc93bcfc640                     Options.is_fd_close_on_exec: 1
2021/07/15-11:32:42.746331 7fc93bcfc640                   Options.advise_random_on_open: 1
2021/07/15-11:32:42.746332 7fc93bcfc640                    Options.db_write_buffer_size: 0
2021/07/15-11:32:42.746334 7fc93bcfc640                    Options.write_buffer_manager: 0x7fc9b86ba280
2021/07/15-11:32:42.746335 7fc93bcfc640         Options.access_hint_on_compaction_start: 1
2021/07/15-11:32:42.746337 7fc93bcfc640  Options.new_table_reader_for_compaction_inputs: 0
2021/07/15-11:32:42.746338 7fc93bcfc640           Options.random_access_max_buffer_size: 1048576
2021/07/15-11:32:42.746352 7fc93bcfc640                      Options.use_adaptive_mutex: 0
2021/07/15-11:32:42.746354 7fc93bcfc640                            Options.rate_limiter: (nil)
2021/07/15-11:32:42.746357 7fc93bcfc640     Options.sst_file_manager.rate_bytes_per_sec: 0
2021/07/15-11:32:42.746359 7fc93bcfc640                       Options.wal_recovery_mode: 2
2021/07/15-11:32:42.746360 7fc93bcfc640                  Options.enable_thread_tracking: 0
2021/07/15-11:32:42.746361 7fc93bcfc640                  Options.enable_pipelined_write: 0
2021/07/15-11:32:42.746362 7fc93bcfc640         Options.allow_concurrent_memtable_write: 1
2021/07/15-11:32:42.746364 7fc93bcfc640      Options.enable_write_thread_adaptive_yield: 1
2021/07/15-11:32:42.746365 7fc93bcfc640             Options.write_thread_max_yield_usec: 100
2021/07/15-11:32:42.746367 7fc93bcfc640            Options.write_thread_slow_yield_usec: 3
2021/07/15-11:32:42.746368 7fc93bcfc640                               Options.row_cache: None
2021/07/15-11:32:42.746369 7fc93bcfc640                              Options.wal_filter: None
2021/07/15-11:32:42.746371 7fc93bcfc640             Options.avoid_flush_during_recovery: 0
2021/07/15-11:32:42.746372 7fc93bcfc640             Options.allow_ingest_behind: 0
2021/07/15-11:32:42.746373 7fc93bcfc640             Options.preserve_deletes: 0
2021/07/15-11:32:42.746375 7fc93bcfc640             Options.two_write_queues: 0
2021/07/15-11:32:42.746376 7fc93bcfc640             Options.manual_wal_flush: 0
2021/07/15-11:32:42.746378 7fc93bcfc640             Options.max_background_jobs: 2
2021/07/15-11:32:42.746380 7fc93bcfc640             Options.max_background_compactions: -1
2021/07/15-11:32:42.746381 7fc93bcfc640             Options.avoid_flush_during_shutdown: 0
2021/07/15-11:32:42.746382 7fc93bcfc640           Options.writable_file_max_buffer_size: 1048576
2021/07/15-11:32:42.746384 7fc93bcfc640             Options.delayed_write_rate : 16777216
2021/07/15-11:32:42.746385 7fc93bcfc640             Options.max_total_wal_size: 0
2021/07/15-11:32:42.746386 7fc93bcfc640             Options.delete_obsolete_files_period_micros: 21600000000
2021/07/15-11:32:42.746388 7fc93bcfc640                   Options.stats_dump_period_sec: 0
2021/07/15-11:32:42.746389 7fc93bcfc640                          Options.max_open_files: -1
2021/07/15-11:32:42.746390 7fc93bcfc640                          Options.bytes_per_sync: 0
2021/07/15-11:32:42.746392 7fc93bcfc640                      Options.wal_bytes_per_sync: 0
2021/07/15-11:32:42.746393 7fc93bcfc640       Options.compaction_readahead_size: 0
2021/07/15-11:32:42.746394 7fc93bcfc640 Compression algorithms supported:
2021/07/15-11:32:42.746396 7fc93bcfc640 	kZSTDNotFinalCompression supported: 1
2021/07/15-11:32:42.746405 7fc93bcfc640 	kZSTD supported: 1
2021/07/15-11:32:42.746406 7fc93bcfc640 	kXpressCompression supported: 0
2021/07/15-11:32:42.746408 7fc93bcfc640 	kLZ4HCCompression supported: 1
2021/07/15-11:32:42.746409 7fc93bcfc640 	kLZ4Compression supported: 1
2021/07/15-11:32:42.746411 7fc93bcfc640 	kBZip2Compression supported: 1
2021/07/15-11:32:42.746412 7fc93bcfc640 	kZlibCompression supported: 1
2021/07/15-11:32:42.746413 7fc93bcfc640 	kSnappyCompression supported: 1
2021/07/15-11:32:42.746419 7fc93bcfc640 Fast CRC32 supported: Not supported on x86
2021/07/15-11:32:42.768497 7fc93bcfc640               Options.comparator: leveldb.BytewiseComparator
2021/07/15-11:32:42.768503 7fc93bcfc640           Options.merge_operator: StringAppendTESTOperator
2021/07/15-11:32:42.768505 7fc93bcfc640        Options.compaction_filter: None
2021/07/15-11:32:42.768506 7fc93bcfc640        Options.compaction_filter_factory: None
2021/07/15-11:32:42.768508 7fc93bcfc640         Options.memtable_factory: SkipListFactory
2021/07/15-11:32:42.768509 7fc93bcfc640            Options.table_factory: BlockBasedTable
2021/07/15-11:32:42.768629 7fc93bcfc640            table_factory options:   flush_block_policy_factory: FlushBlockBySizePolicyFactory (0x7fc9b86bd1b0)
  cache_index_and_filter_blocks: 1
  cache_index_and_filter_blocks_with_high_priority: 1
  pin_l0_filter_and_index_blocks_in_cache: 1
  pin_top_level_index_and_filter: 1
  index_type: 0
  hash_index_allow_collision: 1
  checksum: 1
  no_block_cache: 0
  block_cache: 0x7fc9b86a9370
  block_cache_name: LRUCache
  block_cache_options:
    capacity : 55924054
    num_shard_bits : 6
    strict_capacity_limit : 0
    high_pri_pool_ratio: 0,100
  block_cache_compressed: (nil)
  persistent_cache: (nil)
  block_size: 4096
  block_size_deviation: 10
  block_restart_interval: 16
  index_block_restart_interval: 1
  metadata_block_size: 4096
  partition_filters: 0
  use_delta_encoding: 1
  filter_policy: nullptr
  whole_key_filtering: 1
  verify_compression: 0
  read_amp_bytes_per_bit: 0
  format_version: 0
  enable_index_compression: 1
  block_align: 0
2021/07/15-11:32:42.768648 7fc93bcfc640        Options.write_buffer_size: 67108864
2021/07/15-11:32:42.768650 7fc93bcfc640  Options.max_write_buffer_number: 2
2021/07/15-11:32:42.768652 7fc93bcfc640          Options.compression: Snappy
2021/07/15-11:32:42.768654 7fc93bcfc640                  Options.bottommost_compression: Disabled
2021/07/15-11:32:42.768655 7fc93bcfc640       Options.prefix_extractor: nullptr
2021/07/15-11:32:42.768657 7fc93bcfc640   Options.memtable_insert_with_hint_prefix_extractor: nullptr
2021/07/15-11:32:42.768658 7fc93bcfc640             Options.num_levels: 7
2021/07/15-11:32:42.768659 7fc93bcfc640        Options.min_write_buffer_number_to_merge: 1
2021/07/15-11:32:42.768660 7fc93bcfc640     Options.max_write_buffer_number_to_maintain: 0
2021/07/15-11:32:42.768661 7fc93bcfc640            Options.bottommost_compression_opts.window_bits: -14
2021/07/15-11:32:42.768663 7fc93bcfc640                  Options.bottommost_compression_opts.level: 32767
2021/07/15-11:32:42.768664 7fc93bcfc640               Options.bottommost_compression_opts.strategy: 0
2021/07/15-11:32:42.768665 7fc93bcfc640         Options.bottommost_compression_opts.max_dict_bytes: 0
2021/07/15-11:32:42.768666 7fc93bcfc640         Options.bottommost_compression_opts.zstd_max_train_bytes: 0
2021/07/15-11:32:42.768668 7fc93bcfc640                  Options.bottommost_compression_opts.enabled: false
2021/07/15-11:32:42.768669 7fc93bcfc640            Options.compression_opts.window_bits: -14
2021/07/15-11:32:42.768670 7fc93bcfc640                  Options.compression_opts.level: 32767
2021/07/15-11:32:42.768671 7fc93bcfc640               Options.compression_opts.strategy: 0
2021/07/15-11:32:42.768672 7fc93bcfc640         Options.compression_opts.max_dict_bytes: 0
2021/07/15-11:32:42.768674 7fc93bcfc640         Options.compression_opts.zstd_max_train_bytes: 0
2021/07/15-11:32:42.768675 7fc93bcfc640                  Options.compression_opts.enabled: false
2021/07/15-11:32:42.768676 7fc93bcfc640      Options.level0_file_num_compaction_trigger: 4
2021/07/15-11:32:42.768677 7fc93bcfc640          Options.level0_slowdown_writes_trigger: 20
2021/07/15-11:32:42.768678 7fc93bcfc640              Options.level0_stop_writes_trigger: 36
2021/07/15-11:32:42.768679 7fc93bcfc640                   Options.target_file_size_base: 67108864
2021/07/15-11:32:42.768681 7fc93bcfc640             Options.target_file_size_multiplier: 1
2021/07/15-11:32:42.768682 7fc93bcfc640                Options.max_bytes_for_level_base: 268435456
2021/07/15-11:32:42.768683 7fc93bcfc640 Options.level_compaction_dynamic_level_bytes: 0
2021/07/15-11:32:42.768684 7fc93bcfc640          Options.max_bytes_for_level_multiplier: 10,000000
2021/07/15-11:32:42.768687 7fc93bcfc640 Options.max_bytes_for_level_multiplier_addtl[0]: 1
2021/07/15-11:32:42.768688 7fc93bcfc640 Options.max_bytes_for_level_multiplier_addtl[1]: 1
2021/07/15-11:32:42.768690 7fc93bcfc640 Options.max_bytes_for_level_multiplier_addtl[2]: 1
2021/07/15-11:32:42.768691 7fc93bcfc640 Options.max_bytes_for_level_multiplier_addtl[3]: 1
2021/07/15-11:32:42.768692 7fc93bcfc640 Options.max_bytes_for_level_multiplier_addtl[4]: 1
2021/07/15-11:32:42.768693 7fc93bcfc640 Options.max_bytes_for_level_multiplier_addtl[5]: 1
2021/07/15-11:32:42.768700 7fc93bcfc640 Options.max_bytes_for_level_multiplier_addtl[6]: 1
2021/07/15-11:32:42.768702 7fc93bcfc640       Options.max_sequential_skip_in_iterations: 8
2021/07/15-11:32:42.768703 7fc93bcfc640                    Options.max_compaction_bytes: 1677721600
2021/07/15-11:32:42.768704 7fc93bcfc640                        Options.arena_block_size: 8388608
2021/07/15-11:32:42.768705 7fc93bcfc640   Options.soft_pending_compaction_bytes_limit: 68719476736
2021/07/15-11:32:42.768706 7fc93bcfc640   Options.hard_pending_compaction_bytes_limit: 274877906944
2021/07/15-11:32:42.768707 7fc93bcfc640       Options.rate_limit_delay_max_milliseconds: 100
2021/07/15-11:32:42.768709 7fc93bcfc640                Options.disable_auto_compactions: 0
2021/07/15-11:32:42.768710 7fc93bcfc640                        Options.compaction_style: kCompactionStyleLevel
2021/07/15-11:32:42.768712 7fc93bcfc640                          Options.compaction_pri: kByCompensatedSize
2021/07/15-11:32:42.768713 7fc93bcfc640 Options.compaction_options_universal.size_ratio: 1
2021/07/15-11:32:42.768714 7fc93bcfc640 Options.compaction_options_universal.min_merge_width: 2
2021/07/15-11:32:42.768715 7fc93bcfc640 Options.compaction_options_universal.max_merge_width: 4294967295
2021/07/15-11:32:42.768716 7fc93bcfc640 Options.compaction_options_universal.max_size_amplification_percent: 200
2021/07/15-11:32:42.768717 7fc93bcfc640 Options.compaction_options_universal.compression_size_percent: -1
2021/07/15-11:32:42.768719 7fc93bcfc640 Options.compaction_options_universal.stop_style: kCompactionStopStyleTotalSize
2021/07/15-11:32:42.768720 7fc93bcfc640 Options.compaction_options_fifo.max_table_files_size: 1073741824
2021/07/15-11:32:42.768721 7fc93bcfc640 Options.compaction_options_fifo.allow_compaction: 0
2021/07/15-11:32:42.768723 7fc93bcfc640 Options.compaction_options_fifo.ttl: 0
2021/07/15-11:32:42.768724 7fc93bcfc640                   Options.table_properties_collectors: 
2021/07/15-11:32:42.768725 7fc93bcfc640                   Options.inplace_update_support: 0
2021/07/15-11:32:42.768726 7fc93bcfc640                 Options.inplace_update_num_locks: 10000
2021/07/15-11:32:42.768727 7fc93bcfc640               Options.memtable_prefix_bloom_size_ratio: 0,000000
2021/07/15-11:32:42.768729 7fc93bcfc640   Options.memtable_huge_page_size: 0
2021/07/15-11:32:42.768730 7fc93bcfc640                           Options.bloom_locality: 0
2021/07/15-11:32:42.768732 7fc93bcfc640                    Options.max_successive_merges: 0
2021/07/15-11:32:42.768733 7fc93bcfc640                Options.optimize_filters_for_hits: 0
2021/07/15-11:32:42.768734 7fc93bcfc640                Options.paranoid_file_checks: 0
2021/07/15-11:32:42.768735 7fc93bcfc640                Options.force_consistency_checks: 0
2021/07/15-11:32:42.768737 7fc93bcfc640                Options.report_bg_io_stats: 0
2021/07/15-11:32:42.768738 7fc93bcfc640                               Options.ttl: 0
2021/07/15-11:32:43.004276 7fc93bcfc640               Options.comparator: leveldb.BytewiseComparator
2021/07/15-11:32:43.004280 7fc93bcfc640           Options.merge_operator: StringAppendTESTOperator
2021/07/15-11:32:43.004281 7fc93bcfc640        Options.compaction_filter: None
2021/07/15-11:32:43.004282 7fc93bcfc640        Options.compaction_filter_factory: None
2021/07/15-11:32:43.004283 7fc93bcfc640         Options.memtable_factory: SkipListFactory
2021/07/15-11:32:43.004284 7fc93bcfc640            Options.table_factory: BlockBasedTable
2021/07/15-11:32:43.004308 7fc93bcfc640            table_factory options:   flush_block_policy_factory: FlushBlockBySizePolicyFactory (0x7fc9b8738960)
  cache_index_and_filter_blocks: 1
  cache_index_and_filter_blocks_with_high_priority: 1
  pin_l0_filter_and_index_blocks_in_cache: 1
  pin_top_level_index_and_filter: 1
  index_type: 0
  hash_index_allow_collision: 1
  checksum: 1
  no_block_cache: 0
  block_cache: 0x7fc9b86a9370
  block_cache_name: LRUCache
  block_cache_options:
    capacity : 55924054
    num_shard_bits : 6
    strict_capacity_limit : 0
    high_pri_pool_ratio: 0,100
  block_cache_compressed: (nil)
  persistent_cache: (nil)
  block_size: 4096
  block_size_deviation: 10
  block_restart_interval: 16
  index_block_restart_interval: 1
  metadata_block_size: 4096
  partition_filters: 0
  use_delta_encoding: 1
  filter_policy: nullptr
  whole_key_filtering: 1
  verify_compression: 0
  read_amp_bytes_per_bit: 0
  format_version: 0
  enable_index_compression: 1
  block_align: 0
2021/07/15-11:32:43.004311 7fc93bcfc640        Options.write_buffer_size: 67108864
2021/07/15-11:32:43.004312 7fc93bcfc640  Options.max_write_buffer_number: 2
2021/07/15-11:32:43.004313 7fc93bcfc640          Options.compression: Snappy
2021/07/15-11:32:43.004314 7fc93bcfc640                  Options.bottommost_compression: Disabled
2021/07/15-11:32:43.004315 7fc93bcfc640       Options.prefix_extractor: nullptr
2021/07/15-11:32:43.004316 7fc93bcfc640   Options.memtable_insert_with_hint_prefix_extractor: nullptr
2021/07/15-11:32:43.004317 7fc93bcfc640             Options.num_levels: 7
2021/07/15-11:32:43.004317 7fc93bcfc640        Options.min_write_buffer_number_to_merge: 1
2021/07/15-11:32:43.004318 7fc93bcfc640     Options.max_write_buffer_number_to_maintain: 0
2021/07/15-11:32:43.004319 7fc93bcfc640            Options.bottommost_compression_opts.window_bits: -14
2021/07/15-11:32:43.004319 7fc93bcfc640                  Options.bottommost_compression_opts.level: 32767
2021/07/15-11:32:43.004320 7fc93bcfc640               Options.bottommost_compression_opts.strategy: 0
2021/07/15-11:32:43.004321 7fc93bcfc640         Options.bottommost_compression_opts.max_dict_bytes: 0
2021/07/15-11:32:43.004322 7fc93bcfc640         Options.bottommost_compression_opts.zstd_max_train_bytes: 0
2021/07/15-11:32:43.004322 7fc93bcfc640                  Options.bottommost_compression_opts.enabled: false
2021/07/15-11:32:43.004323 7fc93bcfc640            Options.compression_opts.window_bits: -14
2021/07/15-11:32:43.004324 7fc93bcfc640                  Options.compression_opts.level: 32767
2021/07/15-11:32:43.004325 7fc93bcfc640               Options.compression_opts.strategy: 0
2021/07/15-11:32:43.004325 7fc93bcfc640         Options.compression_opts.max_dict_bytes: 0
2021/07/15-11:32:43.004326 7fc93bcfc640         Options.compression_opts.zstd_max_train_bytes: 0
2021/07/15-11:32:43.004327 7fc93bcfc640                  Options.compression_opts.enabled: false
2021/07/15-11:32:43.004327 7fc93bcfc640      Options.level0_file_num_compaction_trigger: 4
2021/07/15-11:32:43.004328 7fc93bcfc640          Options.level0_slowdown_writes_trigger: 20
2021/07/15-11:32:43.004329 7fc93bcfc640              Options.level0_stop_writes_trigger: 36
2021/07/15-11:32:43.004330 7fc93bcfc640                   Options.target_file_size_base: 67108864
2021/07/15-11:32:43.004330 7fc93bcfc640             Options.target_file_size_multiplier: 1
2021/07/15-11:32:43.004331 7fc93bcfc640                Options.max_bytes_for_level_base: 268435456
2021/07/15-11:32:43.004332 7fc93bcfc640 Options.level_compaction_dynamic_level_bytes: 0
2021/07/15-11:32:43.004345 7fc93bcfc640          Options.max_bytes_for_level_multiplier: 10,000000
2021/07/15-11:32:43.004347 7fc93bcfc640 Options.max_bytes_for_level_multiplier_addtl[0]: 1
2021/07/15-11:32:43.004348 7fc93bcfc640 Options.max_bytes_for_level_multiplier_addtl[1]: 1
2021/07/15-11:32:43.004349 7fc93bcfc640 Options.max_bytes_for_level_multiplier_addtl[2]: 1
2021/07/15-11:32:43.004349 7fc93bcfc640 Options.max_bytes_for_level_multiplier_addtl[3]: 1
2021/07/15-11:32:43.004350 7fc93bcfc640 Options.max_bytes_for_level_multiplier_addtl[4]: 1
2021/07/15-11:32:43.004351 7fc93bcfc640 Options.max_bytes_for_level_multiplier_addtl[5]: 1
2021/07/15-11:32:43.004351 7fc93bcfc640 Options.max_bytes_for_level_multiplier_addtl[6]: 1
2021/07/15-11:32:43.004352 7fc93bcfc640       Options.max_sequential_skip_in_iterations: 8
2021/07/15-11:32:43.004353 7fc93bcfc640                    Options.max_compaction_bytes: 1677721600
2021/07/15-11:32:43.004354 7fc93bcfc640                        Options.arena_block_size: 8388608
2021/07/15-11:32:43.004354 7fc93bcfc640   Options.soft_pending_compaction_bytes_limit: 68719476736
2021/07/15-11:32:43.004355 7fc93bcfc640   Options.hard_pending_compaction_bytes_limit: 274877906944
2021/07/15-11:32:43.004356 7fc93bcfc640       Options.rate_limit_delay_max_milliseconds: 100
2021/07/15-11:32:43.004357 7fc93bcfc640                Options.disable_auto_compactions: 0
2021/07/15-11:32:43.004358 7fc93bcfc640                        Options.compaction_style: kCompactionStyleLevel
2021/07/15-11:32:43.004359 7fc93bcfc640                          Options.compaction_pri: kByCompensatedSize
2021/07/15-11:32:43.004360 7fc93bcfc640 Options.compaction_options_universal.size_ratio: 1
2021/07/15-11:32:43.004360 7fc93bcfc640 Options.compaction_options_universal.min_merge_width: 2
2021/07/15-11:32:43.004361 7fc93bcfc640 Options.compaction_options_universal.max_merge_width: 4294967295
2021/07/15-11:32:43.004362 7fc93bcfc640 Options.compaction_options_universal.max_size_amplification_percent: 200
2021/07/15-11:32:43.004363 7fc93bcfc640 Options.compaction_options_universal.compression_size_percent: -1
2021/07/15-11:32:43.004364 7fc93bcfc640 Options.compaction_options_universal.stop_style: kCompactionStopStyleTotalSize
2021/07/15-11:32:43.004364 7fc93bcfc640 Options.compaction_options_fifo.max_table_files_size: 1073741824
2021/07/15-11:32:43.004365 7fc93bcfc640 Options.compaction_options_fifo.allow_compaction: 0
2021/07/15-11:32:43.004366 7fc93bcfc640 Options.compaction_options_fifo.ttl: 0
2021/07/15-11:32:43.004366 7fc93bcfc640                   Options.table_properties_collectors: 
2021/07/15-11:32:43.004367 7fc93bcfc640                   Options.inplace_update_support: 0
2021/07/15-11:32:43.004368 7fc93bcfc640                 Options.inplace_update_num_locks: 10000
2021/07/15-11:32:43.004369 7fc93bcfc640               Options.memtable_prefix_bloom_size_ratio: 0,000000
2021/07/15-11:32:43.004370 7fc93bcfc640   Options.memtable_huge_page_size: 0
2021/07/15-11:32:43.004370 7fc93bcfc640                           Options.bloom_locality: 0
2021/07/15-11:32:43.004371 7fc93bcfc640                    Options.max_successive_merges: 0
2021/07/15-11:32:43.004372 7fc93bcfc640                Options.optimize_filters_for_hits: 0
2021/07/15-11:32:43.004372 7fc93bcfc640                Options.paranoid_file_checks: 0
2021/07/15-11:32:43.004373 7fc93bcfc640                Options.force_consistency_checks: 0
2021/07/15-11:32:43.004374 7fc93bcfc640                Options.report_bg_io_stats: 0
2021/07/15-11:32:43.004375 7fc93bcfc640                               Options.ttl: 0
2021/07/15-11:32:43.017602 7fc93bcfc640               Options.comparator: leveldb.BytewiseComparator
2021/07/15-11:32:43.017609 7fc93bcfc640           Options.merge_operator: StringAppendTESTOperator
2021/07/15-11:32:43.017610 7fc93bcfc640        Options.compaction_filter: None
2021/07/15-11:32:43.017611 7fc93bcfc640        Options.compaction_filter_factory: None
2021/07/15-11:32:43.017612 7fc93bcfc640         Options.memtable_factory: SkipListFactory
2021/07/15-11:32:43.017613 7fc93bcfc640            Options.table_factory: BlockBasedTable
2021/07/15-11:32:43.017643 7fc93bcfc640            table_factory options:   flush_block_policy_factory: FlushBlockBySizePolicyFactory (0x7fc9b8771b50)
  cache_index_and_filter_blocks: 1
  cache_index_and_filter_blocks_with_high_priority: 1
  pin_l0_filter_and_index_blocks_in_cache: 1
  pin_top_level_index_and_filter: 1
  index_type: 0
  hash_index_allow_collision: 1
  checksum: 1
  no_block_cache: 0
  block_cache: 0x7fc9b86a9370
  block_cache_name: LRUCache
  block_cache_options:
    capacity : 55924054
    num_shard_bits : 6
    strict_capacity_limit : 0
    high_pri_pool_ratio: 0,100
  block_cache_compressed: (nil)
  persistent_cache: (nil)
  block_size: 4096
  block_size_deviation: 10
  block_restart_interval: 16
  index_block_restart_interval: 1
  metadata_block_size: 4096
  partition_filters: 0
  use_delta_encoding: 1
  filter_policy: nullptr
  whole_key_filtering: 1
  verify_compression: 0
  read_amp_bytes_per_bit: 0
  format_version: 0
  enable_index_compression: 1
  block_align: 0
2021/07/15-11:32:43.017644 7fc93bcfc640        Options.write_buffer_size: 67108864
2021/07/15-11:32:43.017645 7fc93bcfc640  Options.max_write_buffer_number: 2
2021/07/15-11:32:43.017649 7fc93bcfc640          Options.compression: Snappy
2021/07/15-11:32:43.017651 7fc93bcfc640                  Options.bottommost_compression: Disabled
2021/07/15-11:32:43.017653 7fc93bcfc640       Options.prefix_extractor: nullptr
2021/07/15-11:32:43.017654 7fc93bcfc640   Options.memtable_insert_with_hint_prefix_extractor: nullptr
2021/07/15-11:32:43.017655 7fc93bcfc640             Options.num_levels: 7
2021/07/15-11:32:43.017656 7fc93bcfc640        Options.min_write_buffer_number_to_merge: 1
2021/07/15-11:32:43.017658 7fc93bcfc640     Options.max_write_buffer_number_to_maintain: 0
2021/07/15-11:32:43.017659 7fc93bcfc640            Options.bottommost_compression_opts.window_bits: -14
2021/07/15-11:32:43.017660 7fc93bcfc640                  Options.bottommost_compression_opts.level: 32767
2021/07/15-11:32:43.017661 7fc93bcfc640               Options.bottommost_compression_opts.strategy: 0
2021/07/15-11:32:43.017662 7fc93bcfc640         Options.bottommost_compression_opts.max_dict_bytes: 0
2021/07/15-11:32:43.017663 7fc93bcfc640         Options.bottommost_compression_opts.zstd_max_train_bytes: 0
2021/07/15-11:32:43.017664 7fc93bcfc640                  Options.bottommost_compression_opts.enabled: false
2021/07/15-11:32:43.017665 7fc93bcfc640            Options.compression_opts.window_bits: -14
2021/07/15-11:32:43.017666 7fc93bcfc640                  Options.compression_opts.level: 32767
2021/07/15-11:32:43.017667 7fc93bcfc640               Options.compression_opts.strategy: 0
2021/07/15-11:32:43.017668 7fc93bcfc640         Options.compression_opts.max_dict_bytes: 0
2021/07/15-11:32:43.017669 7fc93bcfc640         Options.compression_opts.zstd_max_train_bytes: 0
2021/07/15-11:32:43.017671 7fc93bcfc640                  Options.compression_opts.enabled: false
2021/07/15-11:32:43.017672 7fc93bcfc640      Options.level0_file_num_compaction_trigger: 4
2021/07/15-11:32:43.017673 7fc93bcfc640          Options.level0_slowdown_writes_trigger: 20
2021/07/15-11:32:43.017674 7fc93bcfc640              Options.level0_stop_writes_trigger: 36
2021/07/15-11:32:43.017675 7fc93bcfc640                   Options.target_file_size_base: 67108864
2021/07/15-11:32:43.017676 7fc93bcfc640             Options.target_file_size_multiplier: 1
2021/07/15-11:32:43.017677 7fc93bcfc640                Options.max_bytes_for_level_base: 268435456
2021/07/15-11:32:43.017679 7fc93bcfc640 Options.level_compaction_dynamic_level_bytes: 0
2021/07/15-11:32:43.017689 7fc93bcfc640          Options.max_bytes_for_level_multiplier: 10,000000
2021/07/15-11:32:43.017692 7fc93bcfc640 Options.max_bytes_for_level_multiplier_addtl[0]: 1
2021/07/15-11:32:43.017694 7fc93bcfc640 Options.max_bytes_for_level_multiplier_addtl[1]: 1
2021/07/15-11:32:43.017695 7fc93bcfc640 Options.max_bytes_for_level_multiplier_addtl[2]: 1
2021/07/15-11:32:43.017697 7fc93bcfc640 Options.max_bytes_for_level_multiplier_addtl[3]: 1
2021/07/15-11:32:43.017698 7fc93bcfc640 Options.max_bytes_for_level_multiplier_addtl[4]: 1
2021/07/15-11:32:43.017699 7fc93bcfc640 Options.max_bytes_for_level_multiplier_addtl[5]: 1
2021/07/15-11:32:43.017701 7fc93bcfc640 Options.max_bytes_for_level_multiplier_addtl[6]: 1
2021/07/15-11:32:43.017702 7fc93bcfc640       Options.max_sequential_skip_in_iterations: 8
2021/07/15-11:32:43.017703 7fc93bcfc640                    Options.max_compaction_bytes: 1677721600
2021/07/15-11:32:43.017704 7fc93bcfc640                        Options.arena_block_size: 8388608
2021/07/15-11:32:43.017706 7fc93bcfc640   Options.soft_pending_compaction_bytes_limit: 68719476736
2021/07/15-11:32:43.017707 7fc93bcfc640   Options.hard_pending_compaction_bytes_limit: 274877906944
2021/07/15-11:32:43.017709 7fc93bcfc640       Options.rate_limit_delay_max_milliseconds: 100
2021/07/15-11:32:43.017710 7fc93bcfc640                Options.disable_auto_compactions: 0
2021/07/15-11:32:43.017712 7fc93bcfc640                        Options.compaction_style: kCompactionStyleLevel
2021/07/15-11:32:43.017713 7fc93bcfc640                          Options.compaction_pri: kByCompensatedSize
2021/07/15-11:32:43.017714 7fc93bcfc640 Options.compaction_options_universal.size_ratio: 1
2021/07/15-11:32:43.017715 7fc93bcfc640 Options.compaction_options_universal.min_merge_width: 2
2021/07/15-11:32:43.017717 7fc93bcfc640 Options.compaction_options_universal.max_merge_width: 4294967295
2021/07/15-11:32:43.017718 7fc93bcfc640 Options.compaction_options_universal.max_size_amplification_percent: 200
2021/07/15-11:32:43.017719 7fc93bcfc640 Options.compaction_options_universal.compression_size_percent: -1
2021/07/15-11:32:43.017720 7fc93bcfc640 Options.compaction_options_universal.stop_style: kCompactionStopStyleTotalSize
2021/07/15-11:32:43.017721 7fc93bcfc640 Options.compaction_options_fifo.max_table_files_size: 1073741824
2021/07/15-11:32:43.017722 7fc93bcfc640 Options.compaction_options_fifo.allow_compaction: 0
2021/07/15-11:32:43.017724 7fc93bcfc640 Options.compaction_options_fifo.ttl: 0
2021/07/15-11:32:43.017725 7fc93bcfc640                   Options.table_properties_collectors: 
2021/07/15-11:32:43.017726 7fc93bcfc640                   Options.inplace_update_support: 0
2021/07/15-11:32:43.017727 7fc93bcfc640                 Options.inplace_update_num_locks: 10000
2021/07/15-11:32:43.017728 7fc93bcfc640               Options.memtable_prefix_bloom_size_ratio: 0,000000
2021/07/15-11:32:43.017730 7fc93bcfc640   Options.memtable_huge_page_size: 0
2021/07/15-11:32:43.017731 7fc93bcfc640                           Options.bloom_locality: 0
2021/07/15-11:32:43.017732 7fc93bcfc640                    Options.max_successive_merges: 0
2021/07/15-11:32:43.017733 7fc93bcfc640                Options.optimize_filters_for_hits: 0
2021/07/15-11:32:43.017734 7fc93bcfc640                Options.paranoid_file_checks: 0
2021/07/15-11:32:43.017735 7fc93bcfc640                Options.force_consistency_checks: 0
2021/07/15-11:32:43.017736 7fc93bcfc640                Options.report_bg_io_stats: 0
2021/07/15-11:32:43.017737 7fc93bcfc640                               Options.ttl: 0
2021/07/15-11:32:43.036779 7fc93bcfc640               Options.comparator: leveldb.BytewiseComparator
2021/07/15-11:32:43.036785 7fc93bcfc640           Options.merge_operator: StringAppendTESTOperator
2021/07/15-11:32:43.036786 7fc93bcfc640        Options.compaction_filter: None
2021/07/15-11:32:43.036787 7fc93bcfc640        Options.compaction_filter_factory: None
2021/07/15-11:32:43.036788 7fc93bcfc640         Options.memtable_factory: SkipListFactory
2021/07/15-11:32:43.036789 7fc93bcfc640            Options.table_factory: BlockBasedTable
2021/07/15-11:32:43.036819 7fc93bcfc640            table_factory options:   flush_block_policy_factory: FlushBlockBySizePolicyFactory (0x7fc9b8783c60)
  cache_index_and_filter_blocks: 1
  cache_index_and_filter_blocks_with_high_priority: 1
  pin_l0_filter_and_index_blocks_in_cache: 1
  pin_top_level_index_and_filter: 1
  index_type: 0
  hash_index_allow_collision: 1
  checksum: 1
  no_block_cache: 0
  block_cache: 0x7fc9b86a9370
  block_cache_name: LRUCache
  block_cache_options:
    capacity : 55924054
    num_shard_bits : 6
    strict_capacity_limit : 0
    high_pri_pool_ratio: 0,100
  block_cache_compressed: (nil)
  persistent_cache: (nil)
  block_size: 4096
  block_size_deviation: 10
  block_restart_interval: 16
  index_block_restart_interval: 1
  metadata_block_size: 4096
  partition_filters: 0
  use_delta_encoding: 1
  filter_policy: nullptr
  whole_key_filtering: 1
  verify_compression: 0
  read_amp_bytes_per_bit: 0
  format_version: 0
  enable_index_compression: 1
  block_align: 0
2021/07/15-11:32:43.036821 7fc93bcfc640        Options.write_buffer_size: 67108864
2021/07/15-11:32:43.036822 7fc93bcfc640  Options.max_write_buffer_number: 2
2021/07/15-11:32:43.036823 7fc93bcfc640          Options.compression: Snappy
2021/07/15-11:32:43.036824 7fc93bcfc640                  Options.bottommost_compression: Disabled
2021/07/15-11:32:43.036824 7fc93bcfc640       Options.prefix_extractor: nullptr
2021/07/15-11:32:43.036825 7fc93bcfc640   Options.memtable_insert_with_hint_prefix_extractor: nullptr
2021/07/15-11:32:43.036826 7fc93bcfc640             Options.num_levels: 7
2021/07/15-11:32:43.036827 7fc93bcfc640        Options.min_write_buffer_number_to_merge: 1
2021/07/15-11:32:43.036827 7fc93bcfc640     Options.max_write_buffer_number_to_maintain: 0
2021/07/15-11:32:43.036828 7fc93bcfc640            Options.bottommost_compression_opts.window_bits: -14
2021/07/15-11:32:43.036829 7fc93bcfc640                  Options.bottommost_compression_opts.level: 32767
2021/07/15-11:32:43.036830 7fc93bcfc640               Options.bottommost_compression_opts.strategy: 0
2021/07/15-11:32:43.036830 7fc93bcfc640         Options.bottommost_compression_opts.max_dict_bytes: 0
2021/07/15-11:32:43.036831 7fc93bcfc640         Options.bottommost_compression_opts.zstd_max_train_bytes: 0
2021/07/15-11:32:43.036832 7fc93bcfc640                  Options.bottommost_compression_opts.enabled: false
2021/07/15-11:32:43.036833 7fc93bcfc640            Options.compression_opts.window_bits: -14
2021/07/15-11:32:43.036833 7fc93bcfc640                  Options.compression_opts.level: 32767
2021/07/15-11:32:43.036834 7fc93bcfc640               Options.compression_opts.strategy: 0
2021/07/15-11:32:43.036835 7fc93bcfc640         Options.compression_opts.max_dict_bytes: 0
2021/07/15-11:32:43.036835 7fc93bcfc640         Options.compression_opts.zstd_max_train_bytes: 0
2021/07/15-11:32:43.036836 7fc93bcfc640                  Options.compression_opts.enabled: false
2021/07/15-11:32:43.036837 7fc93bcfc640      Options.level0_file_num_compaction_trigger: 4
2021/07/15-11:32:43.036838 7fc93bcfc640          Options.level0_slowdown_writes_trigger: 20
2021/07/15-11:32:43.036838 7fc93bcfc640              Options.level0_stop_writes_trigger: 36
2021/07/15-11:32:43.036839 7fc93bcfc640                   Options.target_file_size_base: 67108864
2021/07/15-11:32:43.036840 7fc93bcfc640             Options.target_file_size_multiplier: 1
2021/07/15-11:32:43.036841 7fc93bcfc640                Options.max_bytes_for_level_base: 268435456
2021/07/15-11:32:43.036841 7fc93bcfc640 Options.level_compaction_dynamic_level_bytes: 0
2021/07/15-11:32:43.036847 7fc93bcfc640          Options.max_bytes_for_level_multiplier: 10,000000
2021/07/15-11:32:43.036849 7fc93bcfc640 Options.max_bytes_for_level_multiplier_addtl[0]: 1
2021/07/15-11:32:43.036850 7fc93bcfc640 Options.max_bytes_for_level_multiplier_addtl[1]: 1
2021/07/15-11:32:43.036851 7fc93bcfc640 Options.max_bytes_for_level_multiplier_addtl[2]: 1
2021/07/15-11:32:43.036852 7fc93bcfc640 Options.max_bytes_for_level_multiplier_addtl[3]: 1
2021/07/15-11:32:43.036852 7fc93bcfc640 Options.max_bytes_for_level_multiplier_addtl[4]: 1
2021/07/15-11:32:43.036853 7fc93bcfc640 Options.max_bytes_for_level_multiplier_addtl[5]: 1
2021/07/15-11:32:43.036854 7fc93bcfc640 Options.max_bytes_for_level_multiplier_addtl[6]: 1
2021/07/15-11:32:43.036855 7fc93bcfc640       Options.max_sequential_skip_in_iterations: 8
2021/07/15-11:32:43.036855 7fc93bcfc640                    Options.max_compaction_bytes: 1677721600
2021/07/15-11:32:43.036856 7fc93bcfc640                        Options.arena_block_size: 8388608
2021/07/15-11:32:43.036857 7fc93bcfc640   Options.soft_pending_compaction_bytes_limit: 68719476736
2021/07/15-11:32:43.036858 7fc93bcfc640   Options.hard_pending_compaction_bytes_limit: 274877906944
2021/07/15-11:32:43.036858 7fc93bcfc640       Options.rate_limit_delay_max_milliseconds: 100
2021/07/15-11:32:43.036859 7fc93bcfc640                Options.disable_auto_compactions: 0
2021/07/15-11:32:43.036860 7fc93bcfc640                        Options.compaction_style: kCompactionStyleLevel
2021/07/15-11:32:43.036861 7fc93bcfc640                          Options.compaction_pri: kByCompensatedSize
2021/07/15-11:32:43.036862 7fc93bcfc640 Options.compaction_options_universal.size_ratio: 1
2021/07/15-11:32:43.036863 7fc93bcfc640 Options.compaction_options_universal.min_merge_width: 2
2021/07/15-11:32:43.036863 7fc93bcfc640 Options.compaction_options_universal.max_merge_width: 4294967295
2021/07/15-11:32:43.036864 7fc93bcfc640 Options.compaction_options_universal.max_size_amplification_percent: 200
2021/07/15-11:32:43.036865 7fc93bcfc640 Options.compaction_options_universal.compression_size_percent: -1
2021/07/15-11:32:43.036866 7fc93bcfc640 Options.compaction_options_universal.stop_style: kCompactionStopStyleTotalSize
2021/07/15-11:32:43.036867 7fc93bcfc640 Options.compaction_options_fifo.max_table_files_size: 1073741824
2021/07/15-11:32:43.036867 7fc93bcfc640 Options.compaction_options_fifo.allow_compaction: 0
2021/07/15-11:32:43.036868 7fc93bcfc640 Options.compaction_options_fifo.ttl: 0
2021/07/15-11:32:43.036869 7fc93bcfc640                   Options.table_properties_collectors: 
2021/07/15-11:32:43.036870 7fc93bcfc640                   Options.inplace_update_support: 0
2021/07/15-11:32:43.036870 7fc93bcfc640                 Options.inplace_update_num_locks: 10000
2021/07/15-11:32:43.036871 7fc93bcfc640               Options.memtable_prefix_bloom_size_ratio: 0,000000
2021/07/15-11:32:43.036872 7fc93bcfc640   Options.memtable_huge_page_size: 0
2021/07/15-11:32:43.036873 7fc93bcfc640                           Options.bloom_locality: 0
2021/07/15-11:32:43.036874 7fc93bcfc640                    Options.max_successive_merges: 0
2021/07/15-11:32:43.036874 7fc93bcfc640                Options.optimize_filters_for_hits: 0
2021/07/15-11:32:43.036875 7fc93bcfc640                Options.paranoid_file_checks: 0
2021/07/15-11:32:43.036876 7fc93bcfc640                Options.force_consistency_checks: 0
2021/07/15-11:32:43.036876 7fc93bcfc640                Options.report_bg_io_stats: 0
2021/07/15-11:32:43.036877 7fc93bcfc640                               Options.ttl: 0
